Before pruning
Accuracy: 0.9016786570743405
Precision: 0.8998697764961995
Recall: 0.9016786570743405
F1 Score: 0.8999288544283519
[[178   1   2   2   0   0]
 [  2 151   8   4   3   1]
 [ 10  11 133   6   2   4]
 [  2   2   1 250   0   2]
 [  1   0   3   1   6   3]
 [  4   1   3   2   1  34]]


8 bit Quantization
Accuracy: 0.8968824940047961
Precision: 0.8946617255210246
Recall: 0.8968824940047961
F1 Score: 0.8946755655224101
[[179   1   2   1   0   0]
 [  3 150   9   4   2   1]
 [ 11  10 132   6   1   6]
 [  2   2   2 249   0   2]
 [  1   0   3   1   6   3]
 [  5   1   4   2   1  32]]


After pruning
- sparsity_ratio : 0.1
Accuracy: 0.9016786570743405
Precision: 0.8998675022246354
Recall: 0.9016786570743405
F1 Score: 0.899875567995331
[[179   1   2   1   0   0]
 [  2 151   8   4   3   1]
 [ 10  10 133   6   2   5]
 [  2   2   1 250   0   2]
 [  1   0   3   1   6   3]
 [  4   1   3   3   1  33]]


- sparsity_ratio : 0.2
Accuracy: 0.89568345323741
Precision: 0.8943467122552791
Recall: 0.89568345323741
F1 Score: 0.8940290285089266
[[179   1   2   1   0   0]
 [  2 148  10   4   2   3]
 [ 10  11 132   6   2   5]
 [  2   3   1 248   0   3]
 [  1   0   3   1   6   3]
 [  4   1   2   3   1  34]]

- sparsity_ratio : 0.5
Accuracy: 0.6894484412470024
Precision: 0.7229931462722898
Recall: 0.6894484412470024
F1 Score: 0.6842777430806731
[[177   1   3   2   0   0]
 [  2 132  29   5   1   0]
 [ 12  19 122  10   1   2]
 [  4   5 115 130   1   2]
 [  4   1   2   5   0   2]
 [  7   2   9  13   0  14]]
